1000 10
790115
537499
850
170290
212892
85598
487415
932227
631003
296189
225385
48298
122718
688056
232627
536969
157667
512355
220596
864856
567948
727709
71362
447763
472390
947297
241685
534226
661471
167961
200724
734942
790584
540371
370665
719089
818499
651137
952694
931945
408378
902975
153145
314628
487332
919248
6864
934855
621979
416397
979083
856404
218758
908772
603506
527127
339338
180139
334813
542505
977488
553521
327697
364800
666771
337425
922504
531917
892939
980114
59349
960141
167517
891247
343352
504575
541976
527699
373060
553422
881704
929921
71902
361081
809907
681409
887840
63067
364787
904652
984216
100212
513357
592949
131794
606849
45454
460938
399412
477029
915245
149944
478043
581830
322981
383151
417498
208775
863412
204756
466183
192985
991273
317192
745036
84949
34192
849099
426542
17004
811685
496759
615422
753598
356210
135209
955316
916202
766645
607737
397125
763784
953732
945891
259422
36363
866776
915035
567681
886841
13623
768820
719574
443461
58585
118994
264568
1908
630671
261372
283871
118438
201347
900167
805790
657064
115162
990413
835250
599892
299786
384368
661225
841006
927058
5696
222345
622239
293781
57819
465726
597452
559756
771579
290459
48470
917177
645426
960781
970082
711100
143788
600377
696574
236966
662876
109295
92430
738540
71067
275602
943436
971586
185621
173185
24335
407469
59801
625954
435579
296531
254886
357797
523138
926713
297022
174468
334733
64170
504449
94972
532440
784475
519866
372693
465203
398820
555707
877351
768562
298909
496100
455347
768513
949028
490351
108935
821698
270408
371423
317681
253774
303162
558380
33833
776590
550043
705351
210763
882870
678579
635745
901309
177333
967138
868641
878229
592103
884005
437974
849607
430098
8128
252056
8780
218418
610053
859652
651226
288136
617383
140107
39152
151704
845034
573766
806660
977401
553475
106012
14264
200563
965029
972538
64153
6456
986514
983545
190925
320713
275590
485927
76402
147283
88284
195250
278655
864810
33239
709905
129172
779553
864248
49411
398863
443439
769860
794793
969597
700168
131781
934222
502989
529690
629537
611050
312580
782757
211681
194907
984270
963482
398365
865559
386759
832918
523551
397283
854760
166580
943043
33791
327126
184329
932016
860889
152766
496759
683919
449112
531145
729449
694725
125049
421995
647086
550785
654222
554889
777875
786938
67450
289772
371608
926590
361754
13637
98652
407928
543897
289811
64086
335934
229003
902859
995158
192777
380861
477821
921865
443480
818728
781935
960567
177006
429853
195156
137290
841075
983933
202487
204227
846370
348057
424595
913590
571320
221191
579664
42821
676706
919755
851862
530972
612529
40828
70077
912049
550287
859878
721742
517122
760824
897743
194003
939512
687005
488111
366448
498480
395442
910113
542940
729026
995524
120738
475526
701696
488511
730428
693325
953076
238224
430191
787947
382711
992865
506815
727767
260520
668552
748875
794602
679487
677453
89700
134898
432776
579946
494517
410575
385080
437618
408757
595457
438827
178803
877906
259001
796159
963394
113499
89800
125218
721896
462293
2264
588689
953664
796708
742595
603891
852296
404369
115256
720737
516761
192328
848229
433708
231986
805409
430271
727549
157704
623990
448951
855413
115087
795467
624705
385598
217828
187484
719102
194281
266045
128997
918723
78398
331279
131999
301566
902386
867439
719973
704383
48928
481155
964912
152255
860532
122850
418856
16972
571051
968329
436988
607544
613431
795851
564856
928017
537994
687659
613121
404845
913815
167415
302944
10183
25671
9767
972995
401369
308889
737573
927087
992640
921415
979880
653180
612960
378193
2509
234515
500956
724497
450938
244216
172230
979000
540054
316769
916363
261987
437853
272668
287502
965659
842531
741274
367729
673229
476114
102793
686648
446468
273751
972311
421602
193644
610947
1470
213850
416767
94573
179594
743554
675573
473774
908619
324985
679895
866593
341263
752409
724528
230712
587585
247816
644909
401714
141948
757244
274273
193097
402558
286891
205499
448892
432894
578485
557862
902910
529860
194144
415636
284805
812976
396161
909014
146426
800442
765609
107493
755684
434826
910643
54551
293087
571444
595256
399544
7131
57205
541199
882639
457564
8449
275786
124574
257451
453272
622877
449742
805774
486440
848657
660136
6189
360699
203353
665007
460619
336310
134633
200318
669898
857992
917759
227158
934109
428715
842858
181666
288162
398526
221209
580005
451448
477165
290282
594751
888680
36705
770121
152355
444177
187740
21586
665948
686379
432785
568434
778315
766162
371842
514324
960523
962030
77223
545791
150622
776549
579945
712591
624219
843426
770818
491783
744321
882357
850036
916993
215795
562921
172837
610122
493055
411146
532287
923403
915114
391458
986875
276703
846514
924510
125096
600796
118778
828015
134956
174463
710311
540925
832276
600724
499015
646615
554179
585935
901069
239003
866074
673563
911100
328435
837884
848483
874796
210776
557417
162305
50978
386236
428150
326435
770688
148348
926689
80257
86793
439432
600049
121149
103895
431151
637505
760063
190945
454353
58138
59379
595869
559144
148486
53926
310817
91399
741731
25122
836148
240359
204618
883078
224942
577741
620958
938658
363111
83897
297624
385394
570958
794349
18611
513701
663133
978809
198845
801054
269996
608314
618830
594698
702539
322609
716720
870573
551209
186372
547558
922821
681919
354384
62189
229929
231593
582944
267405
840500
236765
22407
700604
596467
717808
723076
543396
725195
387377
504870
451875
652924
953528
707588
404032
15098
511961
567592
530355
290961
638509
605567
949301
677621
615281
413305
344457
525609
365758
659486
500755
924737
643722
162388
364456
159457
985794
692369
858875
672732
935688
230232
456296
438607
341507
702645
434054
110313
582855
430780
608466
160841
927141
447874
95797
122393
761645
312508
611959
678542
881740
765736
462430
293321
746578
742425
729826
457153
960561
386629
640874
377097
370495
715595
54948
968573
95314
761311
628380
839419
883966
583950
197938
72758
144166
786622
57414
359000
963178
141205
77305
762172
761679
684436
834631
179286
210508
369663
934124
92543
23121
764454
87154
178436
10876
520228
380052
160307
630568
541235
256361
803587
739861
596629
378868
411689
449672
778123
560384
18449
535352
655142
914978
479104
625436
202645
632302
834409
480165
377579
383426
460584
971350
151054
501547
874399
235480
893195
588552
588932
696226
945876
992729
271151
733569
247016
779660
497399
663443
226133
382816
133642
141763
717053
419571
813570
541047
714147
795942
292242
13070
840415
528175
676400
977301
730270
72198
736753
408010
156896
731526
327486
88309
820514
65536
118890
415676
441125
820325
741757
30753
515172
655182
158063
350331
726643
946932
425729
868063
653481
185242
96161
502136
506687
308225
836840
195437
314920
165233
465681
669081
746855
45262
502986
309572
5147
13437
448456
96526
288868
420058
384968
142526
211359
765894
569712
405362
924603
969231
818801
703819
1628143
278967
271366
657608
736616
776303